11 1011111111. ’

Interiora 181,7

1110110111 999, 4

11111110 999, 8. 9. 18. 991, 7

interitum 149, 8. 999, 18. 99

Interius 998, 4. 979, 99

11101111111111011 914, 4. 499, 91

Ι111011111181111494, 9. 498, 19. 99

111111οψ1499

Interrogo 999 11

1110111111 99, 9

111111189419. 978,1

Ι111111111981,19

Intimi 994,9

11111111 949, 19

111101οη1111οο 999, 8

1110111191Ιί189,4

11101199, 1. 184, 9. 191,19 altisque
ocrs

Intrasses 198,9

Intrepidum 994, 9

trutmannia

11110111 999,1 .

introieris 999,1

101101111999,8

1111011011 999, 1. 999,9 1

Introspectis 998, 99

1110011111999, 4. 494, 9

1111111111 998, 1. 991, 8

1111011111 998, 9

1111101179, 9

111101111987, 9

1111111141.101.11.111,111111011
tonis

11111111899, 9. 419, 8 ⁴

1010110199, 19. 498, 9

1111111111 (19.1. 84, 8. 148, 1 sitisque
Iocis

11111111977,7. 497, 17. 419. 14

Ιιι101111011199,9

111111 999, 7..999, 9. 898, 14

11119011998, 7

Invehnntnr 988, 19

Inveni 149,9

Inveniat 979, 19. 988, 9

Invenio 999, 99

Invenisse 991, 7

Invenisti 991, 19

Inventum 979, 18

Ι110111111989,9

Investigsndn 979, 18

Investigandum 984, 19

11111111977,4 -

111ἶ100111ῆ14051 223041 mpI ’,Μ
0011

1111099191

Invictum

111101111989,11

tridentinis

Invictum 99, 9

1111111189,9

111101111111111 m, 17

1111011111 ltu

1111101948

invitis 949, rt

111110 949, 19

1110011911971, 19

Involvit 918, 1

Inusitstum 189, 9

1111111191, 8

10111191, 8

1011(111011..)99,8 97, 4. 98, 1 11111·
11110011

10111(1111)11917.189,1.997,11
aliisque 10011

1011 (1101111.101111.)918,19 999, 1.
994, 19 1111οω101111

10111941, 11 ..

Ipsam 998,9. 999, 94. m, 17 11111-
qnslocis

Ipsam 1111111 999, 18

10111010 999, 7. 984, 7

10101999, 18. 997, 89 ⁸

Ipse 911. 119,.9 tt9‚tnliin1uelnnsr

1011(1111.) 1918. 9119, 9

1011(0111111.) 11414 981,1.991,8
ahisque 10011

Ipsis 199,9. 1998 999, 9 :titique in·

1011111187, 9. 999, 14 989, 9. 981, 17

1010 989 11. 9988. 911, 9

1101101011.101,11

1010199111. 989,18. 974,1

10101198,7.199,8.919,11 diisque
locis

119199, 8. 994, 1

118997,11

1111119819

1111186,9.911,19.9141

1111111988, 18

110719.78,1.88,91111100110114

Ιπε9010999,1

11100 sent 149

1111101110994, 9

1111911111 919

1111011887, 19

Irrubuitrsnn

11918, 7

119198418991111101010011

111989199,9.110,911“11101110111

11110198,9. 199, 8 ’

1111011184,9.99,9.119,71111101111111

110899, 4

Item 999, 8

1101199.89,8.914,111111011111011

Ι1011111199μ9998,19.·979,9. 90118

manassem · ⁴

itinerum 919 19

11111988,9

 

