nt nonunt 1111.

, 05151115 545. 7 055515 (aute, 111515) 54919
05511111 119, 6 051515 magia 599, 19
05515 261, 17. 885, 17. 8495 0111111111 2⁰⁰» 3
0551555551 566, 4 0115111515 176, 6. 241. 2
0551115511 55198. 886, 12 05151515 ad 1155 attinet 891, 6
Quale 269, 5 0111511115 212, 4 511 aliisque lucia
Qualem 961, 17. 8791 Quantumlibet 214, 5. 525, 6
051155555555496, 11 ’ 0111111111 585. 13
0511514992 011115 142, 6. 175, 11. 168, 5 11111555
051115 496, l - 15511
05511551259, 12. 2696 Quarta 212, 1
05115515555256, 6 Quarta 212, 5
0511111115 177, 2. 55914. 555, 4. 0511551594.1996.19912111115115
41 ,5 ucis ·
0511151551 496, 6 051166, 219. 124, 1 5111155515511
0511115151 599, 5 Quasdam 292, 19 .
0511156551 296, 19 Quasi 66, 5. 151, 4. 269, 4 51111555 15-
Quam 66, 2. 66, 4. 97, 4 5111155515511 511
05151 diu 299, 5 05111 1515 8691. 591, 25
055511551112792 0551111151 127,6
0511511551ῑί1 1697 055 595. 692. um 1111155515511
Quam 1551151 169, 1. 218, 14 055115 1495
05515 5115111551268, 21 , 0551518295
Quum vultis 511515 264, 4 0551129197. 295, 6
05151(1551111515)62, 5. 71,1. 1196 0551111198.167,4.212,15111115115
11111555 15511 15511
011151(51511,1115(1)154,1. 292, 7. 255, Quem 69, 1. 115, 6. 169, 5
5 1111155515511 0551511551169 14
05515 (post, 51151) 85921 Quemnam 5196
05151 (51511, 5115 modo) 816, 5 0555151151 2999. 561, 12
05551 (51511, 511151) 1995 Quemque 119, 2. 4. 2994 11111555 lo-
Quam (51511, magia, 51151, 51 5515511111.) 511
1695. 2297. 2595 1111155515- Quendam 294, 5. 269, 4. tom
cis 0551155151 166, 5. 265, 2. 251, 5
Quam (51511, 5151151) 152, 1. 268, 16. 05552296. 26919
266, 5. 541, 5. 594, 17 055111119, 4
05515 (51511, tam) 151, 5. 266, 2. 496, 05511111 155, 5
³ Querebara 555, 25
05151 (pout, 511151) 166, 6. 864, 15 05515116991
11111555 15511, 115 551551 155115 Querela 79 1. 1597
Quamlibet (pro, quantumlibet) 214, 7 Querulum 1698
05115555 562, 15 05515111 168, 6. 255, 1
05151111 65, 5. 168, 7. 1695 alliaque Querella 156, 2. 5197
15511 0551551895. 1
0515111111 281, 11. 49918 055155151 551, 1
Quando 255, 15. 249, 4 0551555515 249, 15
051555555218, 16. 8492. 86915. 05511555111564,2
408, 6 05511111 156. 1
0555151696. 288, 22· 2996 51111- 05516551 1292
5115111511 0115551200, 2. 519, 111. 559, 1
0515115111, 6.*,819 6 Qui (singul.) 57 , 1. 68, 9. 76, 1 51111-

Quantalibet 167 ,6 55515511
05151151 1998 051 (5115151.) 191, 5. 119, 19. 1194

0555111 162, 1. 297, 1. 284, 1 51111555 15511
0511111 221, 74269, 2. 545, 14 051 (quomodo) 14925. 255, 7 11115·

Quantis 2695 que 15511 ..
Quantimte 45151 0111158, 5. 259 15. 2499 1111115115

05156111551466,’6 15511

051515 295, 5. 225, 6. 524, 9 05155166, 6. 65, 6. 99, 5 111115551οοί1

 

