lxvi

8111119997

Senecam 9994

&necasset

Senectus (11.1

8111119999

8111911191, 4

81111(11111111111)994 314, Ι

8111119991

81111δῦ13943491,1.31111111111111

811191111994, 11

811119111994,19

81111911119941.19

81119113949.1.1911111111111111

8111111394. 19. 14 t

8111111491, 99

8111111119 9 1117 179 5 altisque
locis

81111111999,9

Sententia 119, 1. 99919. 999. 19

81111191199, 19

911111111111111.) 139, 8. 319, 9.

8111111111(1111.)118,.9 994,1

81111191199,1.149,.4 144, 9 11111-
queloeis

8111111111111999,4

&nuntiantem

Sententiis 191, 9

8111111 9999

8111111111 491,13

sentiendis 399, 4. 8

9111111389, 19

9111111111

&utrumnum

81111111 9996

8111111 998,9

Sepsrstione 999, 9

811111111199,1

Septem triones 999, 5

8111194119

&pmm‚2

. Sep 1111919, 11

81111111136911. 499,19

8111119911399, 9

Sequenturn 911, 1

Sequanariuss, 19

Sequestrntu 191, 19

Sequi 111, 1. 1111

Sequuntur 999, 19

8119199, 9. 919,9

8111113499. 99919

8111118911

Serenis 1485

Sereno (1111111111.) 111, 1

Serenum (substant.) 918, 9

Serenus 91, 9. 186, 9

Serere 9999

Serio 949, 13. 919, 9

1Ν1111Χ

8111111 199, 9. 999, 11. 949, 19. ”M
Series 949, 9. 999, 9. 19. 984, 9

Seris (11111111)911, 9

Sermo 919, 9. 999,1

81111119991

8111111111 999,4

&moribundus

Sennuneniis 914, 11

8111111 949,1

8111111 9999 '.

8111119999

8111111111111111 959, 1

81111111311,9

Servat 119, 4. 991, 9

8111119989

81111111 389,4

81111111391,99

Servavit 199,8

Servent 99919

8111119999

8111111954,9

servientium 991, 19

Servitium 963, 19

Servitus 3199

811111111311,9

Serum substent.) 191 9

811111 ndJ'ect.)888, 19 ’
8111699. 199, 9. testatusque 11111

Ι 8111111 sut, 7

811 991,81)11.949,91111. 9494911.
9499911
Severitate 113, 9

· 8111111ῑί199,3

81991.89,.9 89, 9111111111ο111
8111188 9. 1988 141,71111111111111

“ 1111111141, 9. 191, 41111111111111

81111(11111111)179,11 ·

811111391,19

8111111181,9

Siccis 3914

8111199911 ·

811111919,9. 913,1. 949, 19 aliusque
ocu

8119199191119. 9994 aliisque
11111 .‘

8111111351 1

8111111499 19

8111111199. 81,9.199,411111111119111“

811111911991, 11 · ’

· Sideris 914, 9

Siderum 98, 9. 949. 4

Sidus 19, 9. tau. 9 ’
signatur, 11111 ··
8111111111913, 1 ·
811119111111111999, 19 ·
Signis ³91.20 ·
Signum 391, 11. 14. 11. 18 .

 

