m 8081111811.

11131111 188, 1
largitione 188, 8

111188181, 1. 88, 1

1111111181

1111111 8118

1111011111 8818

1111111811. 817,1. ²⁵⁰,6

1111111868, 7. 878,8

1111111111 8118

1111111111 78 8

1111111818 818, 8 ·

111111(1118811) 188, 8. 888, 8. 888,

11111881.188,8

1110188818

118118188818

1180111888 ⁸ -

11111 (nomen 18811111.) 851,11. 881,

laudantur 181, 7

Laude 118, 1. 818,8

11181811858,1

1181111187,11

1181888,Ιὸ

1111(101811) 88, 8

Limam

1111111188,8 ·

1111811788

1111181111 188 8

1131881181118

Lege(n0men) 188, 1. 188,11. 178,8
1118811081

1131811118θῶ

Legem 188, 1. 188, 8. 1818 eiiieque
iocis

1111111887 1

Leges 111, i

Legibus 881 -

lembus 118 1. 881, 15

11110118811811

Leniter 78, 7. 811, 17. 888, 8

1111118818

1110888, 7. 818,1

leones bem

1110118811

11111811881, 7

110111 887 11

hpmm‚8

1118838878, 7

1111118118

11111188, 8

1111110188, 18

Imm 888,1 ’

1111118118

11111 818, 11 x

Levibus 888177, 8

ΙΛΊ1010818214

IAEVi! ³28, ῆι ‘⁰⁸⁰⁹

11111111 888, 18. 188,8

1111118811. 18

lex 887, 18. 11. 887, b. 858,8

libeat 187, 8. 881, 7. 888, 17

mellosum

Libens 188,7

1181181888 8

11811(181811.)78, 8. 888, 18

1181111815, 8

1111111110

liberantem

Liberat 8811

Liberi (111811.) 881, 18

liberiores 878, 8

Liberis (subit.) 178, 8. 888. 8

Libero (nomen adjeci.) 881, 8. 888,

1181101811’ἓ18811.)881, 8

1181101(18 11.) 187, 8. 17188

Liberos (adjeci.) 888, 13

Uberi„ 100191 1179181 18012 {EQUO
iocis

- Libertate 818, 18. 877, 8. 188,8.11
“ libentem 188, b. 881, 181 888, 18

1181111111 888, 8. 8881

Liberum 881, 1. ⁰⁵⁰, 1. 188, 18

libet 11⁰, 7. 188, 8. 187, 8. 818, 8

Libidine 811, 1

1181111111 88118

1181111818111888,8

libidinum 881, 8

118111888811. 88818. 888,8

1181111888 “

11810181188,8

118101 um

1188111887

Libyci! ⁸651 ⁴

Liceat 888, 8. 851, 88. 8815

Licebit 816, 1. 888, 8

1111811111 888,1.· 887,1

heere 888 18. 17

11111(18818)1811.1.111,1 11111·

hileiiibiijsuuebo) 811 8 817, 7. 888,
88118188111011

licuisset 1⁰⁰,8

1131118818

1131118718

1131188811. 888, 11. 88818 .

1111118888

11111178, 8

Limine 181, 8 .

1118111818 8

limitibus 818,18

1818181118

 

