111 nomnium.

Expetondoe 141, 8
Ειρῖεὸειιάοωω 110, 14. 180, 11. 10.
1 ,0
Expetendum 100, 10
Expefi 2851 13
,Expetibilis 101, 1
Ε111011118οΛ8
Explendnm 101, 4
Explere 111, 18
Expleri 141. 0
Expietur 141, 8
1111111111 141, 1
Expliwe 110, 0. 101, 1. 145, 4. 154,
Explicaoet 108, 10
Explicui 111, 1
{xpum 108,0 Ι
1ρ111111 048, 0
Explicatio 148, 4
Explicatur 140, 10
‚Explicet 111,8. 141,1
Exponam 108, 11
Exprimere 400, 10
111111111010
111111Ιί1111 141,1
11111518
Extendiue 1800
1111111401, 8
Extem 140, 14
1111111100, 1
11111111 100, 4. 101, 18
Externa 111, 1
1111111111,1
,111111111Ιο10
Externum 101, 18
Exiet 110,1
1110111111 05, 1
11101111 100,1
1111111111 114, 0
11101111 140, 18
1110110 100, 1
1101111141, 1
1111111τὶ1180, 11
‘ 111011111408, 11 ’
11111(1111 113111110101, 10
Extra (nine regim.) 181, 1. 100,11.
101, 8 aliisque locis
Extrema 180, 10. 110, 10. 111, 18.
Extrema (ablat.) 10, 8
Extremam 111, 1
1111111111. 1118. 1004
Extrinsecus 110, 0. 140, 10.,181,,11
aliisque loci· ·
Extniinet 88,1
1111011111 181, 1
1111111111 111,0
11111101,1

11111101. 0111.

Exul 101, 1. 041, 4

11111111 110, 1

Exulat 111, 1 ,
Elidem 118, 2· ¹⁴³, ²
Exule· 110, 11

1111111 ,118, 10

F.

Fabricii 118, 1

Fabula 108, 1

Fabulis 100, 10

Fac 110, 10

1111111181, 10. 104, 10 1111111111
Facerem 154, 14

1111111110, 1

Faceret 108, 1

Faciam 110, 1

11111111, 11. 104, 11. 401, 18
11111410, 1

Faciat 118, 10

11111οι 101, 4

Facie 180. ll

Faciem 84, 1

8ιοί11111148, 11

Facienda 148, 0

Faciendum 111, 11

Faciem 181, 1

facientem 100, 0

Mentis 118, 0 ,
1111111111, 14

Facies (nomen) 01, 4. ,111,’8 110, 8.
111111 100, 0. 140, 8. 101, 4

,Mle 111. 1111111 11111111.

11111111,1 . ..

Faciundum

1011111111110, 10. 811, 14

fuscinanum

1111111114

11110111, 1. 18111. 104,8 aliisque
ocu

1111111111. 141, 11. 111, 18 aliis·

que locis
11111 180, 4
Facta 110, 1. 104, 0

10ιῖ11111 111, 1. 111, 1. 101, 4 alisque
ocu

11111111111,4 „
111111114,10 ,

,1111111111 ’

Facultatem 101, 1
facundia 108, 1
Falce 111, 1
11111111 01, 1
mincium 140, 0

111111 1801. 110, 1. 140, 11 ,diisque
Fniluicisffl, 0. 000, 11
11111. 1)

 

