lxviii 11111111

80111101 18714 Sporuere 188. 8

8111181- 181 1111111111, ro

8011011783 Spernit 817, 18. 887. ⁸

8011011181, ⁸ Spes 1111131111 888 1. 888, 18. 111, Γ,

8011018887 Sper plural. 111,8
8011118888 81111118788
&pinnum Spinis 88, 7. 1788
8011110188, 8 8111118888. 11
8011101181 8111111811 8188
8011111111111. 1 Spiritum 111, 1. tot, 11
8011010111 8187 Spiritus 78, 1. 181, 1
Sordide 118, S spirituum 1188
Sordide 8881 splendere 188, 8. 817, 7
8011111111 ter. 18 Splendidum 888, 17
Son 1888. 188, 8 Splendor 8888
Sortem 181, 8. let, 8. rtet splendore 188, 8. 187, 1. 1888 11111-
80181 1788. 881, 1 qne 10011
Sortitur 818, 8 Splendorem 118, 8. 817, 8
801811111888 8110111111 8881
8011111888, 8. tum Sponte 181, 8. 1881. 88888 11811101
8011111111 118, 1. 8 loeis
Spergere 1788 Spreta 1888
81111111 8888 81111111 8887
8111811818, 88. 188, 8. 1888 8881118888
epatu 1111 1111111111, 1. 11111. 11111
81111111,10.110,11 81181101 187,8
8111111111 811, 7. 811, 1. 88818 aliie· 8111111188, 8. 881, 11
11010011 · 8111111181. 181, 8. 8788 dibqoe
ι Spe 1888 10011
Speciem, 811 81811111181
8110111881. 88818. 888, 18 8881118181818. 81811
8101101188, 18, 888, 18. 8881111111- 8111110888, 1
que 10011 sure 8888
Speeirnen 178, 8. 888, 8 8111188, 8
Spectans 881, 8. 88888 8111111181
81001118111881,8 Statu 8881
Spectentur 8881 811111111881,8.8
Spectet 1188. 8881. 187, 81 8111111111, 18. 81811. 888, 8
Spectantem 111111 11111. 11111181 1111111
Spectatum. 8887. 8887 10011
speculatum 8111111888
speculatione 888, 8. 8781 8111111888, 1. tot, 1. 1881
Speculator 188, 18 Status 177, 8
8110118888 Stella 78, 1. 1781
8100118881 Stellae 181, 8
Spen 117, 8. 1788. 888, 18 stelliferi 1881
sperandi 181, 11. 888 7 . 11 stelliferis 188, 1
stelliferum 8888
8111111181, 18. 881, 8
Sterni 181, 1
stentem
Stimulis 888, 1
Stoicum 88, l
“ stolidam 77,1
Stolidit 26⁷, 1
Stolidiseirne 1188

- stagneum

 

