xm 1110110

1101010010
Μο01001101,1
11011110, 1. 018, 4
1101101101. 000,1

1100010041 00,.0 1001111100οὼ-
011

11οο0101004, 1
Mediam, 11
11εο1011111
Medium 110,1
Μο010111111111 104, 0
1100101001, 04, 1. 10, 0
0000101011, 11
1100101011,0
Medicina 000,14
Medicina 10, 1. 040.1
Medicus 100, 14
Medicum 000, 10
11εά1001001, 10
uenienti· 041,,10
Medio ³5⁰,1
11εο1000001 140,1
0110101101. 001, 14
11οά1011001
11εο0110111, 4
1100011111 101,1
1101100. 00,.1 11100111100010011

11011001 101 0041111100010011
110110110010

1101101010111.114,0

11011011001001,0

Μο11011014.0

1101101101, 1. 100,0

1101101010

Mene 100, 0. 111, 1

0001001111,11

11000101414 110,1. 1001411111·
que 10011

1101011111 100 1. 000,0

Membro 100 0

Μο1111110101111004. 110,11. 000,0

Memento 1000 010,17

1100110010 100 1

110011110010141, 1

001ῗο1100,0. 010, 11. 010,1. 1011,

Meminisse 101, 0 ,

Μῗο111110111,0.0. 140,0 aliisque
0011

1101111111ιο000

1101001110 101, 1
118ωο11889) ³· 16717
110100111101,11 ,
1401001101000011,10

140ωο000141,1.100,0.110,1
Μο110001 110, 0

110000010000,14
1101101011 001, 0

110110101οι0 (1111111011.) 101,1

mmm? (111ομ1111λ 01 11111001 10-

11101...

Mffima'nm mas-niaque

11ῖο10004,.-,11040.040,101111000
ocu

11ἷιιια,01,1.101,10.011,1101111

0011

Menti 110, 1. 011, 11. 401,10

mennatum 1,0

Mentibus 00, 10. 101,0. 040,0 aliis·
00010011

Menum 100, 0

Mentior 114, 10

Μῗο01 10 10. 11,1. 101, 0 diisque
001

mentiti 110, 1

Mentitur 1101

Montium 00, 1. 144, 0. 001, 11

1100 11,1. 011, 10

11001001 101,0

Meos 01,0. 00,1.101,1

1101011101 lom

1101001001111,10

Μο100011101111,0

metebantur 1010

Meteri 101,4

110101110οΙ01 00, 8

1101300410

110110ωο001

Mergi (verbnm) 000, 0
111ήο(1011011.)1000118,1 1
11011000 004, 0 1
1101101(ιο010111.)1010.100,0. 100,

1 01111000 10011 {
Merito 101111.) 101, 0. 080,1 1
Merito 001001.) 110 0
1100101001(10111.)111 4. 004,0
meritos 1141 000, 10 ,
1101110111(101111001.>1000011,0
11011010, 4. 11, 1
Mem 114, 4
Metuentes, 1
1101011 000,0
1101101 100,4
1101001001 100,0
1111101110 110, 1
11010110 100, 1
1101011000, 0. 000, 10
Μο10110001, 4
110010101101, 0
11001 (nomen) 00111. 040, 4
Mentor 104 0. 100,4
1100011001 001 4
11010 000, 0
1110001100, 0

 

