ΙΝ nomnium.

Omne 189, 19. 199, 8. 2110 1111111111
locis

0111111112. 211, 8. 292, 22 11111·
que locis

011111 175, 2. 178,1. 2912 aliisquo
1111

0111111119. 179,1. 171,5 diisque
1111

0111111292, 9. 28110. 281, 19 11111·
(11111111

011111(11111.) 125, 9. 192, 9. 910, 11
1111111111111

0111111111 109, 7. 119, 8. 118, 10 aliis·
(11111111

0111111 215, 7. 8. 282, 12 1111111111.
111

0111111519. 179, 8. 1815 aliisque
10111

01111111 85, 2. 100, 1. 110, 11 aliisque
1111

Omnium 1111111 901, 1

Omnium potentem 9012

oneratum 9518

011111191111

0111119111

0111011111.) 108, 5. 99118

operulam

0111111819

0111111195, 9. 209, 2. 998, 29. 9012

0111111111 98115

0111111111 982, 1. 970,19

operi 199,8

01181Σ181(ι13518151411ἓὲ11)127,8. 189, 10.

9 ⁸ Ι .

Oea-1⁰8, 2. 180, 9. 1819 aliisque
1111

Opibus 159, 9. 191, 1. 10 1111111111111

0111111111 101, 1

0111112111

oqissip 2⁴¹⁶, 12· 88⁰, 91 38118 aliique
ο111

01111111217, 1. 970, 27. 9818

0111111811 980, 18. 9817

0111111111 952, 11

01111111111 111, 7.’“ 2818

011111ο111199, 9. 171, 1. 992, 22

0111111111, 9. 188, 9. 991,9

01111811998, 18

0111811909, 1. 101, 29

0101111198, 9. 151, 8. 155,1 aliisque
ocu .

opponitur 292, 7

opportunitate 1819

01151111015

01111111ιὶ1111

01111111715

01111111111981, 19

Optanda 975, 1. 981, 0

01811119711

01711111 Var. 87111.

0111111111 28111

0111111 229, 9. 285, 18

Optem 108,8 ·

01111111. 111, 1. 1111

0111181 911, 19. 9518 98111

0111111111 978,2

0111111 99, 9

0111111111 2115

optet 180, 7. 987, 8

OPfimOm ³⁶09 ¹⁸

011811195118

Optimomm 2111

Optimum 291, 2. 2918

0111111181 211, 1

011111 158,1. 195, 9. 927, 7

0111125, 2. 279, 2. 292, 90

0111111911. 9918

On (11111. 11111.)58, 2. 208,1. 227, 5
1111111111Ιωῦ

Oratio 129,1. 909, 5

0111111111 ’

011111 18111

01111111998,12

Orbe 100, 10. 99111

0111111711. 291, 5. 2915 11111111
locis

011111 71, 1. 278, 1. 988, 10

Orbi 287, 8. 9918

0111111211. 985, 8. 978,1

Orbium 910, 18

0111111719

Ordine 91115

Ordinem 111 , 7. 198, 2. 9217 aliisque
10111 -

Ordines 918, 12

01111111)11918,1

0111111198, 8. 108,8. 9112 aliisque
ocu

οῐῖ808081 ιο 2⁸8, ὀ m, ι Q
m Α

0119111. 1911 1111111111οοί1

0111111989, 18

011111100, 10

05119518

01111 1011

0111 111,11)909,1. 97111

Oria 11111.)957,1

0111111215

oriuntur 291, 8

0111111111 1919

ornamentis 178, 8. 1915 “

0111111915

Ornet 78, 9. 1819

011111190118

0192 04010

om 111. 8. 9512

0111121115 · ,

Ostuw910 122³· 2091181 ,5716 ⁴⁴

011111 298,1. 259, 10. 989, 18

1111. Rom. G

 

