mvi . nnunx

lnjunli 111, 1 11111101111111 100, 1
1 njnntnm 111, 11 · 11111111 1018
11111111011 11111111 110, 0. 111, 1,
, Innocens 110,1 1ωρεοιι1111110,1
Innocentio 1011 1111111111 110, 1
1111111οι11 110, 0. 111, 1. un, 1. lamule 111, 11 ,
011, 11 Inntnbilem 110, 0
1111111οι 811 Ι11110111111181,1
11111111111,1 Intenti· 101, 10
1101111αώ011 “M 1111111 100, 18
1111111111 111 , 1 helinannus, 1
1111011111οΜ 11101111(111111111.)111,1.111,1
hup-ulnam 11111110111111
Inopes 180, 0 Inanepit 108, 11
1111111111, 11 1111111111, 10
111111 101, 1 ¹ Ι11111111111100,1
111111ιο1, 1 1111011111111110, 0
11111110111100,11 1111111 110,1
11111110111110, 11 1111111111 111, 10
111111111111111 1111111011 ,
1111111111 17111 Integer 1111
Inops 111, 11. 1111 lntegn 10110
1111111181, l. 111, 1. 118, l, elinque Integris 18111. 111, 11
locis 111111111110. 101, 11
Inquies (verbum) 181 , 0. m.. 10. 111. Integrnm 1111
1 nlllnque locis Intellectum 1111
1111111111 111, 8 mellatenam
11111111οω18οΑ IntellIgun 1111
Inquit 101, 10 1111111311 111, 10
1111111111 110, 1 . , Intelligendum 1111
1111111011. 18, 1. 10,1 ullisque 11111 11011111101101, 0. 101, 11. 1010,
huni 2⁰9,9 Intelllssfflfiae ³⁴⁰, 12· 8981141 Νι]
11111111 1111 Intelligenlinm 101, 11
Insanum 110, 1 Ι111111311101,1
1111111011 1111111ςὶ1 111, 10. 1111 ,
1111111111 11111Ιί11111 101, 1
11111111 110, 10 Ι11111111111181,0
1111111111, 1. 1711 1111031110, 1. 181, 11
1111111111 10111 · Ι1111111111110,11
11111110111111,1 Intemperans 11111 ,
lunen-rabili 1111 Intemperantia 110, 11
lnaeqnendi 1111 Inlemperlem 1010
1111111110 1111111101101Λ
Inserit 01, 1. 101, 1 Intendebetur 110, 8
11111111, 8 1111ιὸ1 110, 10.
1111111111 1111 11100111 ,
,11111111 00, 10 1101011111. 111, 10. 1118 ’llin-
1111111οῢ11 11111 que 11111
Insidiator 1110 11111111101, 11. 101, 1. w. 11
1111111018 dilnquelncis,
1111111111. 111, 11 Intentionem 10111. 100, 1. 11111
1111311111 00, 8. 100,1 Inter 00, 1. 00, 8. 1111111111 le-
Insignltnr 8010 cis ⁴ .
11111111111 Interamnam
1111111100, 8 1111111111, ·
lmine 11111 111111111111
11111111 1010 1 · 101118101010811
’1111111 lom , , - lumnam, 11
1111111111, u 1111111111

 

