xxxfi .ῑ·11011 ’

Humanis 168, 7. 818, 4.’888, 10. 884, ι,10661111 868, 17
6 . , 6161 807,6
116ωωὶ116186οΑ Jejunia 186,6 ·
Humunurum 177, 8. 181, 8. 881,8 1311111887.138,4.148.1111111]601οέ
uiiiuque 16011 cis .
Humanum 161, 6. ΙΝ, 4. 868,18. 186601188818
886, l Ignarus 888, 8
110611101188,’8 Igne 877, 4. 846, 11. 866, 4. 886, 6
numero· 866, 7 15661884
Humi 70, 8 Ignibus 188, 0
Humida 887,4 igniculo 864, 6 Α
11016116 818, 1 Ignis 846, 10. 874, 8888, 81. 818, 4.
Humilem 166, 8 867, 6
Humiles 411,8 Iguobile 868,4
Humili 186, 8 . Ignominiouuu 841, 6
116161Ιί1116 868,7 Iguorubuu 161,1
1101611111111 884, 7 13101661161818, 6
Humum 70, 10. 887, 10. 870, 8. 18 13001111161868, 4
Hunc 68, 4. 68, 8. 168811ὶί1606 lu· ignoruntium 8. . .
ej, . lguuruutiae 188, 8. 880, 11

> Hunccine 188,8 1110160184, 8. 888, 88

Hybemum 841, 8 Ignoras 180, 8. 148, 4
Hydra 866, 1 . Ignorat 888, l· 884,11
11166684810 13601111 siu-⁹·
Hyemeui 867 , 18 13661111 848, 8 .
1310101141, 4. 848, 4
1100101178, 4
Ι. Ignoto 861, 1
Ignotus 178, 8

1166111818, 8 Iidem 880, 8. 888, 8. 886, 7. ’8481
Jucere 118, 8. 161,8 lis 160, 8

1160161 880, 6 ’ 1116661867, 8
1661118818. 886,7 ’ 11111 (singular.) 70, 8. 86,1. 128, 1
,1606111 8186 1111116661οοί1
sucum 118, 1 1110 (plural.) 886, 8
sucu-stis 68, 6 Ina ipsu 847,4
116111 888, 6 111666010186, 1
1161061, 161, 6. ium aliisque nucrymat 11111
10011 111ae 806, 8. 860, 8
Jum dudum 871, 8. 886, 8 1111011116 174, 6
11161616 886, 18. 881, 80. 881,19 1111116180, 8. 16818. 886,Ᾰῦ {iiiique
Juuitor 806, 7 louis
mm& mmm
1618 m· 8 1111118 1689
10111104 884, 6 Inuum 888, 10
Ictu 161,ι 6. 878, 8.·884, 6.’410, 17 Illam 814, 17
16 106, 4. 108,1. 186,4 aliisque lucis 1111116111, 81
1111011111(ρ10,6]”011016111)176,7 1116116116 884,6

· 16 genus (pro, ejusmodi) 811,7 1111101 8887

1610601061 818, 8 ⁴ 1111111110 888, 18
Idcirco 168, 8. 178, 8. 191,10 11110· 1116611,6.10,8.10,1611611661οεί1
que 10011 Iliecebriu 168,8
luem 188, 8. 870, 7. 86 aliisque 16611 Illi (uiugul.) 848, 80. 861, 8.’ 884, 14.
16016(66166661 rem) 111, 1. 886, 8. 17
866, 10 , 1111 (pinni.) 81, ’4. .· 186, 8. 11711
Idem ipsum 886, 8 diuque 10611 .
Ideo 168, 6. 880, 18. 881, 17. 888, l Illic 806, 8. 844, 8. 866, 8. 4018
’1610601188ῌ8 80810. 818,8 aliia· 1111ω188,1.846,11
que lucu 11111 176, 6. 88818. 888, 16. 881,16

 

