1111

010810101888, 17

credndum 12 ,

008110128817. 28828. 82812
utusque 10011

Crede 172 8. 8

0101100111 8888

Credendum 881, 12

Credentes 88, 8. 2885

01011010 888, 18

0101101001 881, 17

Crederes 15812

crederetur 85,8

0101112188

Credidit 1882

credulus, 8. 188. 8. 882, 28

Credit 164,8· 2182

Creditur 285, 8. 825, 15. 882, 17. 878,

Credo 152, 8. 181, 18. 288, 17. 858,

Credunt 288, 28. 888, 11

0111100101 118, 8. 1888. 2781811111·
qus 10011

crescit 72, 2. 888, 8

Crimen 188, 8. 111, 8. 118, 8. iffi, 8

Criminsmur 188, 2

criminatione 188, 2

Crimiustionem 88, 8

criminationibus 88, 1

0001001188

Criminis 187, 1. 2

00110101881

Cruciatibus 188, 21

cruciatus 288, 8. 888, 21

cmuetttstis 288,8

emendum

Cruor 1882 285, 5

010010 288, 2. 8825 ,

0111117518. 188, 8. 28812 ,01101101
0011

Cuicumque 285 12

cunibertum

00111101 828, 18

Cuiquam 128, 8. 288,.11. 888, l

0018110281 18. 28818. 82818

001111888, 11

00101788. 88, 8. 87 5 01111οω10011

001011110ιο 888 18. 878 8

0010111 01011585. 888, 28

001010001888 17881888. 285,

0010011101

carmine 822 28

0011111888, 17

0111110111, 11

Cultor 878 18

00110288, 8

Cultus 8288

. 0001000101.) 87,.7. 1881. 1588

INDEX

aliisque 10011 '
000(0010001)01,1.11.0. 885

uirisque 10011
001001010 1875
001001011181
8000111101μο 2287. 2588

utusque 10011
0000111858, 28
0000118000 228, 1
001001111188182,7.285,8 aliisque

0011
Cunctorum 888, 5. 8188
0000012588
Curictum 111,8
00001018887
cupiarum
captaturum
Cupidinem 115, 2. 188, 8
Cupiditas 288, 8
Cupiditatem 818, 18
Cupido (1011111211, 8
Cupidum 225, 8
(10111οω01202, 8
Cupis 2587
eupit 001, 5. 10010
Cupits 888, 2
Cupiunt 2587 883. 8
01111·,75,.2 128818812111111100

ocis
00111, 72,.2 188, 8. 175, 9 aliisque

0011
8011111110
Curandum 781
0011125811
00111101287,2
00111158, 8. 185, 2
curationem 185, 18
0011110011 188, 1
0011118818
Currenti 825,]

Currere 8888
Curribus 2782
00111101 8282
00110222,4
0011010287, 7. 815, 8
Cursus 858, 18
Cursum 178, 8. 888, l. 8788
00111012888
0010101187, 11. 288, 8
001011288, 1

0011152, 2
0111001885

Cyro 1812

D„

Dt 278, 1.2 1111
Dabat 882, 8

 

