xtvt
Neuewiuu 800, 11

’ ’tuum' '

1111011 880,7

11101111188,1. 188, 18. 811,8 11111· 11110111 008, 11. 100,Ιο

que 10011
1111111101 881, 0. 10. 11 11111111 10011

111κὶ111111 100,1
1111111011181, 1

Neues-tute 101, 1. 180, 1. 081, 10 000100111110

111111111111111011880, 0. 881, 0. 801, 0
11111111 10011
Necessitate· 108, 00

1111010111 881, 11
1111010 quem 001, 7
1111010 (11110110, 1
11110111 000, 8. 008, 8

1110111111111 888, 8. 881, 0. 800, 10 1111011111110,0

11111111 10111

Neueumtudu 087, 8

1110111 107, 1

1111111 08, 7. 088,18. 818, 1

11101111 110, 1

11111001 110, 10. 118,8

111111 108, 8. 7. 117, 1 1111111110011

11111811818, 0

111111111οὃ8, 8. 888, 11

1111118811188, 1

1111111 180, 8. 000, 8. 888, 10. 800, 10

Nequi 080, 8. 000, 10. 817, 0

1111118817, 01

11111180, 0

11111111 187, 1

11011111111801, 0

1110110, 11. 11111

111111011 00, 8

1111111118111 188. 0

11110 101, 0. 801, 0

NegONil 1⁰⁰1 1

Negotium 018,0

Neminem 111, 8. 8807

Neimq 188, 0. 178, 11. 170, 0 11111111
0011

Nemorum 888,7

Nemus 100, 0. 170,8

Nequam 118, 1. 888, 17

Nequaquam 080, 10

Nelque 181, 0. 101,10. 100,1 11111111
0111

Nequeum 101, 8

Nequeunt 010, 1

Nequeut 100, 8. 010,11 1111111010011

Nequeo 080, 11. 000, 8. 800, 10

Nequeunt 010, 8. 011, 0. 018,0 11111-

que 10011
Nequimimi 018,0
Nequieeimiu 018,7
11011011 879, ¹⁵· 18³, 1²· 194161 2³⁸2
10 110111110111
Nequitia 808, 1018. 888, 18
81111018108
Nequitia 080, 1
1111110111οϋ, 0. 881,8
11111111 808,8
Nero 1101. tut, 1
1111011 0808
11110111 0000

Nescit 108, 0. 8. 810, 0. 887, 8. 880,1
11110111 887 , 0

1111111080, 10

Neutro 880, 10

Neutrum 008, 1

11111 000, 1

Nem 810,0

11111811 880, 8. 110, l

11111 081, 7

Nexuit 008, 17

Nexum 810, 0

Ν1111811,10. 888, 7

Ni 108, 1. 880, 0. 070, 01 titioque io·

018
111100, 1. uu. 1. uui umque 1001·
minumum, 11
1101111, ιι
uui 1... (01.1.)101, 1. 10110
11111 110, 0. 1111. uma diuque

0011

Ν111110111111101, 0. 880, 08.881,18

Nihiium 008, 17

Nil 100,8 bis. 108, 10

1010011100,8

Ν11000111 81, 7

11111111 081, 8. 000, 7. 818,1 alitque
0011

1111101οι1 170,1. 108, 8. 018,1 11111111
uem

11111 70, 0. 00,1. 00111111111110011

1110118808

1111111810, 18. 881,10

1111101 1881. 007, 8

11111111808,1

1111110011 080, 0

Nititur 180, 8. 000, 8. 887,18

111101 088, 10

1111011101 080, 8. 088, 0. 008,11. 817,

1111111 017, 11. 0008

Nivis 8118 - ’

11111 88018. 100, 10

1111111000

Nobile 0801

Νο0111011087,8 .

Nouium 111, 1. 11110. 10111 .

Nobitute uum ⁴ ··

Nobilium 280, 18

 

