IN 8061111914.

1116166616 299, 12
11116116 266, 9

1116 262, 6. 999,9
11116116161298, 16

noem ooo, 66. 161, 1. 666, 6 616·

que iocis.

Diversum 282,2’

111111661616212,7

Diversis 282, 21. 298, 19. 299, 19

11166161166298, 16

11116ῐεί1616 212, 19

Diverso 229, 8. 280, 1

Diversum 128, 8. 282, 6, 8 aliisque lu·
616

Diversus 2902

Dives 164, 7. 242, 1

Dividentibus 292, 29

Dividis 129, 9

Dividit 297,2

miin'a 219, 1. 247, 4. 949, 8 aliisque
6616

Divina-ssu, 19. 269,18. 962, 6. 410,

1111611166 199, 9. 144, 2. 992,2 aliisque
6616

111116616228,6. 880,16. 401,16 aliis-

. queiocis

Divinarum 98,2

Divinationem 999, 2

1111161864, 22. 400, 6. 407, 17

Divinis 949, 2. 876, 8

Divinitas 289, 10. 16

Divinitntesn 289, 18

Divinitsti 949,14

11111611666289, 16

1111161166 174, 6

1)111116497,14

Divinum 192, 8. 271,11. 962, 12.

Divinus 408, 7. 410, 14

Divisionum

Diuites 241,2

Divitiis 187, 6. 188, 10. 194, 11. 206, 8

Divitisrum 221, 10

Divitias 188, 18. 191, 11. 291,6 61116-
qnelocis

Divitiis 191, 12. 299, 6. 299, 11 61116-
que 16616

11161616161999, 17. 999, 2

111616161166 292, 99

Diutuvnitste 219, 29

111616161161616214, 4

Dixerat 988,1

111161116118, 7

11116116 921, 8. 827, 8

1111197019

11111661290,1. 247, 9. 281, 18 aliis·
que 16616

Dixisti 192, 9. 810, 9. 9986

Dixit 81, 2. 292, 2
1166661296, 2

11666166 296,2

116661 299, 2

11666166 969, 12

1166666616 198, 1

Dssiffl 19¹9 Β

11616191, 2. 182, 4. 8. 147, 9
1161616 128,1. 160, 4. 176, 6. 898, 0
Dolorem 219, 2

Βο10102 ⁰82 ⁴· 2⁶⁰2 ⁴
Dolovibus 188, 19. 288, 14
11616116196,19

Doluisti 199, 2. 142,9
1166616616 292, 14

Donet 269, 8

Dominae 166, 1

Dominum 164, 8. 169, 10
Dominntsm 219, 4

Βο1111116 auso

Domino 191, 9

Dominus 296, 6. 929, 8
Dominum 294, 12. 964, 7
Dominus 916, 1. 268, 9
11661161226,19

Domo 167, 9. 819, 16

Domus 996, 2. 219, 6
11661611969,9

Domum 186, 8. 282, 12. 911,11
Domus 116,1

Domus 199, 9. 191, 2

11666 (nomen) 187, 2. 907, 10

 

· Donamus 897,8

Donat 287, 6. 966, 7

Donati 996, 11

Donec 818, 6

Dorso 914,7 ’

Dotes 176, 2

Draconi 264, 9

1166 498, 29

116616 procui 499, 12

1166116ὺὶ116 922, 14

1166116616 917, 7 .

Dubitandum 298, 10. 11

Dubitare 299, 6. 917, 6. 926, 7

Dubitari 189, 12. 249,18. 209,1 61116-

66 16616

111161166918, 11. 29119

11661111176,11. 189, 6. 206, 11 uiiis·
que iocis

1166116116 969, 19

Dubitutione 946, 9

1166116161292, 17

116611616111991, 8

Dubitas 842, 6

11661161281, 6

Dubito 291, 9. 816,2

Dubium 206, u. 269, 1. 286,ss

11666161 984, 6

 

