lxiv

1161661116 666, 9
1111166616 166, 6
Revoca “⁰9 1⁶
11616616161 672, 6
1116161161 294, 6

Ra: 111, 5. 6666
1111116116 206, 14
Rhetorica 206, 14
Rhetorica 162, 1
Ridens 186, 10

Ridet 166, 4
111616616666, 4
Rigant 66, 2

Rigidus 216, 4
1116116196, 4
1111661176, 6

11116616 266, 6. 668, 26
1661161, 6

Ripis 666, 6

Rite 271, 14

11116161 177, 2
Robore 146, 6. 166, 8. 26616
1166111111. 261, 16. 292,2
Rogat 666, 6

Rogati 296, 6
1163611661666 166, 4
1163111666 146, 4
1163116 169, 2

116ςί 161. 6

11616666 216, 2
1161666616 109, 6
11661176, 2
1166111676, 6. 179, 1
Roseus 226, 2
11666616 222, 6

116616 176, 6

11616 667, 1

116161 166, 2

1161616 166, 9
11616161 649, 19
11616661161116 696, 4. 7
Rubentis 266, 4
1166616 76, 6

116666 227, 2

116611 242, 6

Rugum 61, 2
111111168207, 21 28816
Ruinis 166, 6. 6662
116116166 262, 9
11611611 266, 6
Rumam 116. 6 214,16
Rupe 1861 19

11111118 8711 7
1161111696, 6

11616 242, 4

Sacerdos 666, 2

8661166166 116, 6
Saunium 166, 6

866166 116, 6

sacrilegio 114, 6. 116, 6
8161616 (substant.) 226, 11
Saeculi 666, 9

8611662, 4. 67, 6. im 11116616 iu·¹

css

81611 62, 6. 166, 1. 164,1 1111166116.
css

8616616266

86116666 67 , 6. 166, 6. 264, 7. 246, 2

861161(666166) 199, 6

8616016666) 166, 4. 664, 7. 664, 7

Saevit 662, 16

81111116 649, 6

861166166211

81116210, 2. 864, 1

Sagittis 664,2

8161662666

861696, 4. 127,6

Saltem 69, 1. 666, 16. 666, 6
86166116 197, 4

8116611 169, 12
Salubritas 261, 16
Salus 669, 6. 661, 19
Salutem 166, 6. 261, 1
Salutis 144, 1. 266,1.2
8611616 197, 2
Sanandum 76, 1
8166161 667, 6
8111616616 666, 6
8111611661 166, 6
816616 126, 16
8161116261, 17 .
sanctissimum 261, 16

. Sancto 226,9

Sanctus 116, 2. 662, 16

Sanguinem 116, 11

Sanguinis 199, 6

Sanguis 177,1 ’

861116 661,14

8611116111 661, 17

86611611 99, 1

Sapiens 264, 9. 626, 7. 662, 16 aiii·-
uelocis

81616666266, la» 662161 66666

Sapienti 626,6

82ρίθῦῇᾶ lu, ¹⁰· 2⁴⁶, 516

sapienti& 922⁸· 2oet'10· “¹5 'a
661,6

Sapientiam 67, l

Rursus 267, 6. 662, 6. 616, 1 181666 sapientibus 99, 4

1111616616 267, 6
1161116 76,1. 666,4

Sapientis 2662 ·
81ρί6611616 99, 16. 169, 1
Sapientum 641, 4

 

