117 1111111017.

1111111811

171111111117, 11

171111118111. 111, 1

1111111111. 111,1

17111111117, 1. 818,7

17111118, 1. 71, 8. 108,1. 111, 17

Mem 1711 .

11111111

1711111811, 1

11111181. 81,1. 8811111111111111

Miles 811 1

1111111118, 1

mnibus 111, 8. 111. 11

muntem 181,1

1111111111

Μ11111188,1.111,8

1111111411

1711111111, 1

17111111181,1,1.118,8. 1888 olii·-
111 ocu

17111111717181, 8.181,11.171,11

1711111181, 1. 111,7

1111111111 181, 8

1111111111 117,8

171111111881, 1

ninom 111, 8. 177, 1

1111111 1111. 118, 1

moui 171,8

111-1111111, l

171111 (adverb. ) 18, 1. 181, 7. 181, 18
alnoque locu

1111111, 11. 811, 1

minwed 188, 8

litabor 18111

1111111111 811, 1. 811, 11. 111, 1

Miramini 181,· 1

17111111188,11

Mirandum 818, 18

Mirantes 88. 8

ΜίΜωῘ ⁹⁶9 1

11111111 811, 11

nimi 188, 8. 181, 17

Mintur 811, 8. 811, 18. 111, 18

Mirum 111, 1. 118, 18. 881, 7

17111111 118, 8

uim 188, 1. 187,7

Minoae 187, 8

mimi 117, 8. 111, 18

1711118811. 188,1

Minatur 181, 18

1111111· 180, 11

1111111 188, 8

1111111111, 1

uisendum 111, 8

Miseram 817, 7. 181, 11 -

11117

. 1111111ῑί111 888, 11

1111111181. 188, 1. 8811
1111111111 888, 11

miserationum

1111181111118,11

1111111111

17111181, 1. um. 811,11

1711111811,8181,1. 811,1

1711111111, 8. 811, 11. 811, 18

1711111111 188,18.111,1.118,11.

Miserior 811, 18. 1888

Μ11111111888,8

Miseri· 118, 8. 181, 7. 1818. 811,1

Miserius 8811

Misero (nomen) 881, 1

181111111881188Λ. 1118 aliisque
1111

Miserrimum, 11

1711111118, 8. 188, 1. 188,1 11111-
11111111

171111181,1

1111118111. 871, 8. 181, 8. 1811

Minu 111 1. 118, 11

Μιιιη 1811

1711111811, 18

Mobilem 818, 8

1811118111 ⁴

11111111 111,1

Mobilibus 817, 1. 118, 8

Mobilis 118, 8. 181, 17

mobilitatis 118, 11

Μκ11111811 881, 1

Μ181111171,1

Modum 118,1

8118181111 1

modis 881, 8. 187, 1. 817, 1. 118, 17

Modo (nomen) 81, 8. 115,1. 188, 1
111111111111

Modo (adverb.) 181. 78,1. 118, 8

· aliisque 11111

Μ111117, 8. 111, 1. 880,1. 8718

Μ1811111171, 11

Μ181188,.7 1881. 111, 8 aliisque
11111

1118111111. 881, 17 8111111111

1111111118 111,8.111,1 aliisque
11111

Μ1111171, 11

11111111 118, 11

Μωτο111118,7. 188, 1. 888, 8. 810,1

1111111 118,8 111, 8

Moesoesoo, 11

1111111(11111.)181

1711111171) 1

Μ1118111μ1 181, 7

1711811111,881

1711111111

18111111 1188

 

