lxli iuunx

1156111111 848, 4. 246,8 1153111101,1. 129, 8. 228, 17 aliisque

Redeunt 285,6 loeis

11561515 854, 16 Regium 202,5

1156131111 104, 2 Regna (nomen) 161, 7. 288,18. 240,

Redigere 1111 e. 111, 1

Rediitsm 1531511451

1156111515 180, 5 Regnantibun 281, 1

Redimit 1111 Regnarenem

Redirent199, 7 Regni 251,4

Reditu 288, 2 1153111 268, 8

115111111218,2 115310(1οω511)810, 10. 811, 8. 854,

Reducem 815,5 21

Reducem 221, 2 1153151111250, 8

Reduci (nomen) 277, 4 Regnum 161, 18

1151551111 855, 10 11531111204, 18

11515111111281,18. 284, 7. 884, 8. Regum 249, 8. 250,6. 252, 1. 815,1
408, 26 1153111811 850, 18

11515151410,2 1151 (nomen substant.) 100, 2. 178,1.

11515111815, 5 205, 15 ullisque lucin

Referens 888,2 1151ρο151118399,4.218,2.858,4

115155111198,7 1151151111854,21

11515115 280, 5. 840,7 1151151 880, 16

Referri 285, 7. 822, 8. 10 11515511111282, 21

115151111258, 14. 847, 1. 408,18 Relapsa 240, 19

11515111111284, 15. 208, 17 1151511 400,0 .

Reficlt 858,14 1151515111882, 18. 885, 5 ,

11561111859,8 Relicta (ablat.) 71, 2. 214,10. 290,

8515ιωί68292, 29 18. 820, 9

Refovisli 224, 5 Relicta (plur.) 99, 8

Megari 151, 19 Relictam nin, ιο. 11111

11511131111868, 14 115115111111 158, 0

115111351151400, 0 Relinquat 814, 6

Refugit 292, 22 Relinquatur 089, 1

1153111101 800, 1 Relinquere 86, 5

115311228, 17. 842, 8 Β.51111315151ιπ229,9

Regitur 140, 8. 148, 8. 298,’6 Relinquetur 212, 6. 890, 8

11535 102, 5 115Ιί11ςυί250, 6

11535511200, 2 1151113111885, 18

Regem 161, 1 Relinquite 70,1

1153518111154, 18. 289,7 Relinquo 109,2

1153511228, 1. 858, 4 Relinquunt 188,12. 820, 17. 825, 7

1153518111 841,8 Reliqua 109, 8. 889, 18

1153515 802, 12 1151315111150, 5

1153515111 90, 2 Reliquiis 180, 2

11535151111 180, 11 Reliquit 158, 8. 221, 7

11535151 188, 8 Reliquum 281, 14

Reges 127, 2. 158,1. 248, 8. 822, 28 Reliquus 889, 18

11531 (15111511)105,4 Rem 802, 15. 845, 7. 882, 15 ullisque

Regi (verbum) 140, 2. 298, 9 loci·

115311 (adject.) 105, 2. 252, 2 Remeat 857, 11

Regiae (edjeet.) 100, 6. 167, 11 Remedia 188, 9. 165, 19. 224, 7

Regibus 251, 8 Remediis 88, 5. 144, 5

Regimen 189, 4. 800, 8 Remedio 854, 1

Regio (1115111111.)212, 5 1151111351 881, 1

11531ο (161551.) 104, 8 Reminiscure 150, 8

1153211212, 1 lleminiscaris 129, 5

Regis (nomen) 181,4 Reminisei 118, 7. 288, 14. 261, 2

Regis (verbum) 127,8 Remiserit 228, 8

1153112011, 12. 899. 11. 815, 8 1151111511 287,8

 

