Π

11101111

0131111111 107, 3. 233,18. 243,3 Dispenssns 411,0

aliisque loeis

Dispenssri 333, 21

Digniutibosltt,1tt. 201, 2. 203,1 0111111100032,10

aliisque 11111

nignitate ur. s. 1111, sss, ro

Dignitatem 130, 4
Dignius 203, 12
Dignius 200, 0

011ρ11111200, 22
Displioere 00, 0
Dispouet 300, 24
Disponeutem 333, 0
0111111101300, 1

Dignos 200, 4. 243, 4. 330, t. 331, 10 0111ο11111200,21

0111111111 70, 0

Disponit 200, 10. 12. 300. 12 aliisque

Dignosdt 301, 10. 070, 4.407, 0. 400, 3 locis
Di 111213, 0. 240, 7. 207,1 aliisque 011111111303,12

ocus
Diis 332, 0
Dijudicst 304, 1
0111111111 302, 10
0111011111 200, 10
0111311111370, 4
01111111 213, 3
Dilige 340, 0
Diligenter 300, 4
Diligentis 202, 7
Diluvium 202, l
01101111330, 4
Dimotis 143, 2
0111332, 0
Dirigebss 111. 4
Dirigeus 330, 24. 333, 2
0101111011οΙ, 3
0111101111 221, 0
Discedit 340, 10. 330, 3
0111101111 130. 11
01111111 330, 1
0010111373, 3
01111111101300, 11
Discernere 331, 11
001111101400, 6
0111111110011334, 10
011111101ιό1, 5
01111111111133, 12. 334, 20
01111111 101, 10
Discidemnt 80, 4
01111111111117, 3
Discit 207, 2
Discordanr 213, 0
011111011300, 3
0111110111 100, 2
0111110111103, 0
Discors 200, 10. 007, 1. 303, 3
0111111111203,3. 200, 17
Discreprre 200, 20. 403, 0
Discrepsreut 283, 1. 280, 0
Discretioueru 204, 17
01111111οηί1 03, 4
’ Discriminis 110, 3
Discussa 81,4
Disjice 27 8, 4
Disjuncturu 380, 2

Dispositio 047, 0
Dispositione 410, 11
001111111111312, 4
Dispositissims 310, 13
Dispositos 208, 10
Disposuit 340, 1. 0
0011030302, 12
Disputrtlouis 300, 3
0111110111 334, 11
Dissentire 200, 0
0111110330, 12
Disseptum 383, 1
0111111111 201, 2. 232, 1
Disserebss 00, 3. 302, 0
Disserere 303,21 ’
Disseris 401, 10
01111111 230, 1
Disseruit 340, 0
0111101111320, 0
Dissident 340, 3
Dissidentes 204, 1
011111111301, 1
Dissimile 331, 13
Dissimiles 304 , 10
011111111Ιί11100, 3
Dissimulare 411, 10
011111111011372, 2
01111111111208, 10
0111111111111202, 10
Dissolvst 100, 0
Dissolvere 300, 12
Dissolvi 204, 0. 200, 3
Dissolvitur 200, 0
Dissolutis 04, 1
Dissonae 110, 0
Dissonare 302, 10
Distsnr 340, 0
0111111111 212, 12
01111101111212, 3
Distiuotione 100, 7
Distingueris 100, 2
0111111111 203, 8
0111113111 133, 0
011111111111200, 12
Distribuit 333, 4. 300, 2
0111110111 340, 4

 

