lN rotumum.

Arguto 284, 17
Arida 214,8
1111111126ῌο 810, 4. 406,8 ’
Arma ⁷9, ᾖ· 1991 214
1111118282
1111612212
1116111846,6
Arripiunt 860, 10
Arripuit 406, 16
Arrogantiae 214, 12
11111066
1111611281,8
Artifex 848,9
1161111662
Artificis 191,1
Artis 8927
Artubus 876, 6
1111221,1
11111 164.12. 196, 6
Ascende 160, 11
Ascensus 66, 9-
Asinum 82112
1111111221, 4. 268,10. 841,18 aliie·
que 11111

, , Aspaneus

Aspice toul

Aspioere 111, 21
1111111191, 8· 188,1. 401, 9
Assentior 211, 6. 289,1. 287, 8. 299,
1111111111262, 24

111311186120

Amisenorum

Assistere 406, 16

1111111111168,8

11111111 881,1

1111111111 281, 16

Assumit 214, 18

1111111816

1111111111 64,2

Astra 227, 6. 848,6

Ami 814,4

Autrictum 206,8

1111111111 818, 6

Autrigerir 866, 16

Asuingutos, 16

11111821

Astrologicis 211, 6

1111111068

Asylum 281,8 .
At 68, 8. 70, 4. 89,2 1111111111111
1111111181. 881,10
Atheniensium 129, 6

Atque 66, 2. 66, 6. oo, 4 11111111 iocis
Atqui 19, 1. 86, 4 diisque lucio
1111114

1111112616 ,

Atretdertom

Atrie 146, 6. 818, 1
Atrocior 889,6
Atrox 882, 14
Attende 869, 0
Attentiouem 149, 1
11111111 226, 2
Attenuare 146, 2
1161111216, 6
1111111109, 6. 28816
Attingendurn 182, 8
1161111188, 6

“ Attingit 190,1

Attollere 881,1 -

Attulit 896,4

Avaritia 101, 2. 188, 4
1111611117 .
11111111 241, 9

Avaritiam 206, 2
1111112422
1111118616

Aucti 217,4
1111112608
1111111811,8

Auctorem 269, 1. 884,1
1111111489
Auctoribus 218, 17
11111111111101,2. 868, 8
Auctoritatem 99, 1
Auctoritatis 10, 6
11611111159,11
116111861,4

Audendum 119, 4γ
1111111901

Audienda 886, 9
Audiendi 224,1. 8. 226, 6
Audieram 141, 1

Audire 284,16. 298, 8. 818, 8. 881,
1111111668

Auditum 188, 10
1161111406, 18
Audiuntur 166, 6
1111118681
1111111111411, 8
1111111861,2

Avertitur 62,6

Auferetur 882, 11
Auferetur 884, 10

Auferre 182, 1. 188, 12. 82612
Auferri 182, 6. 240, 11. 241,6
Aufert 124, 1. 868,1
1131111229, 1. mul

’ Avibus 828, 8. 881,2

Avida 181, 1

Avidii 828,10

Avidus 168, 9

Avidum 222, 7. 224, 1

. 1116111116. 194, 12. 224,8

 

