Vffi tunttx

Aviti 170, 7 ’ 8011111 lm
8011001104, 1. 101,0 Bibliotheca 07,4
Aura 110, 0 8101108101 181, 1
0100111140 11100111 18114
Aure 01, 0 “ 81001894, 9
Aurei· 187 ,4 811801, 1
Aureo 111, 1. 10474 1 0110. 110, 0. 1001
8011100, 8. 184, 18. ”⁰³2 ΜΗ. Blandiebatur 108,1
870, 0 8110ᾱί001001 101,1
Auribus 110, 4. let, 7. 880, 8. 890, m 8111101010 184, 8
Auriga 801, 4 8110ᾱί01 100, 0
10001011. 100, 0. 810114. 17 0110000010110, 8
Διι1100140,1.170,7.180,0 Blanditiae 00,1
Aut 08, 0. 100, 1 aliisque 10011 .. Blanditias 104,0
Autem 104, 1. 110, 11 0. 188, 11 0110- Blanditiis 111,1
que 10011 8001 (substant.) 110, 0. 108,8. 170,0
Autumno 187, 4 aliisque 10011
80101000· 70, 0. 807,11 nona (adjeet.)'118‚ 0. 180, 14. 10
Auxilio 810, 11 aliisque 10011
,11001 800,0 Bonam 800, 0. 800, 14. 801 ,1
8001(1011001)100,8. 1101. 1114
1111100101οεί1
a Mwwmmmmm
0100001001 nonis (011010) 01, ι. ηε, 11 1411
Bacchus 187,0 aliisque 10011
8100111418 Bonis (10]001.)00,1. 111, 1. 118, 0
Barbam 140, 7 offisque 10011
’ 81101111 140,8 nonita· 18817
8100100100] 101, 1 800111ῑὶ1 10011. 190, 10. 801, 11.
Basilius 104,1 Bono (substant.) 111, 11, 181, 10. 180,
Beata 180, 0. 188,8 11 aliisque 10011
8011111014 Bonorum (substant.) 101, οο tut, 8.
80111108,1 110111111100110011.
80111188, 10. md 80000010(10,1001.)00,1·1.1’10,11.8ὓ,
8010100100100, 4. 8088, 8 1111100010011
&latitudinem 181, 110. 1010 att-qne 801101 110, 8. 100, 11. 811, 01 diisque
000 000
8010100101170, 10 Bonum (substant.) 181, 4. 181, 814
801111υά1011 107, 7. m. 8. 180, 14 aliisque 10011
aliisque 10011 Bonus 810, 4. 810, 0. unt.
80101000 180, 11. 1818. 1804. dii}- Bootes 841, 8
que 10011 Borma 81, 8
8111101188, 10. 140,1. 8081 aliisque 8010111111
10011 80111414
Beatum 181, 4. 800, 8. 801, 7 Brevem 117,8
8011011811, 10 Brevi 870, 0. 808,8
Bella 840, 4. 801, 1. 880,,0 80011001 888, 11
Belli 181, 1, 81011010 118,1
801Ιὶ001801,7, 8101011111
8011010418 81011100 170, 8. 1010010,ιο
Bellum 818,0 Bruma 111,4
8011011881,18 Brutus 118,4

8011011887, 18. 400,8 80110000804,.1’1
Bellum 110, 1. 118, 0. 80711, m„

8001110, 8. 110, 8. 801, 11

Beneficium 118,11 c.
Benissmfflffi [Β

8001301177, 8 cmm 101110

 

