111 nomnium.

0001110 0400 convorram, 4
contigerit 400, 14 00010110 000, 0
contigisse 0407 0001111101000,0
contigissem, 0 0001111111 4107
contigit 000, 00. 000, 1 couverterit 410, 10
00010001101 (10010011101
continere 084. 0 convictum 1100
contineret 000, 11 convineat 001, 0
continet 000, 10. 00011 convinci 114, 0
continetur 1000 Copia 100, 4
0000001010οΙ, 0 copi· 101, 14
Contingat 1800 Ι 00ρί11 01, 4
contingentes 041, 0 copiosus 0000
contingere 040, 0. 000, 0. 0100 11111· coquit 1104
01110111 0011011000
Continget 2800 00101000, 8. 000, 10. 008, 4
0010111111. 10 0010110004
contingit 101141 m, ιο cordis ,ΜΛ
Contingunt 18011 01111044, 0
0001100110100,1 00101 101, 1. 4. 100, 4
Continuo 000, 0 Cornua 008, 0. 0400
0001100010 100, 0. 400, 1 0010 000
00011191,1.110,1.1111110001οώ 0010111111000,1
000111 (siue regimin.) 1000. 1000 corollarium 001, 0. 08010. 0801
10041111100010011 0010111000, 00
quod 101001 Contra est: (e 00011100) 000, corpor· 076. ὅ
07 0010011111401, 10
0011111011 01, 0 corporalem 001, 4 ·
contradici 001, lo 0011101100, 0. 0000 1111100110ιί1
0001111111 004 00100111008,0
0011111111 0000 0011101011 000, 00
0010101101,0.1111,6 0010011111.10.119,0
0011111111 000, 10 001000101000, 0. 001, 10. 14
0011111111οι 000, 4. 000, 10 ubisque 10011
Contrariorum 000, 10 0010001100, 11. 001, 10. 0001 aiiii·
Contrariis 000, 10 que 10011
000111110111100, 1. 04010 Corporum 000, 0. 000, 0. m, lo
contuendum 000, 10 001ρο1 000, 0. 004, 1 1111. 11111011 10011
contuetur 0909. lu 20. 400, 0 &munais 004, 10
contuleramus 100 · 00111μο01 000, 0
00010111111 000, 12 Corrigi 004, ll
00010111 107, 0 0010011001. 061, lu
0011101011 corriperet 1011
contumacis 100, 10 0000101101011, i
0001001111 014, 10 corrumpti 000, 14
0001001101 014, 14 000000001000, lv
0001011000 Ul, 0 ’ 1
0011700118Ὼο 204131 ³⁵¹) ¹⁸⁸ ”or ⁴· ¹ 5
Conveniat 000. 0
Conveniebat 110, 0 · ,
convenientiori, 10 0011011 (vide Quotidie)
convenientia 000, 1 castinum 400, 0
0001001110001001,0.001,01 01011110100
00101010001. 000, 0. 0000 01011111 010, 8
convenisset 000, 14 0101101044, o
0011111111 001, 11. 018, 0. 0004 11111· Crebro 0000
que 10111 Credamus 001, 2⁵. 401, 10
conveniunt 2⁹2, 10 0111111010οὅ, 0

 

