ΙΝ Bott‘rfflutt.

81111111 10,4

Simile 110,1. 401,14

Similem 021, 8

81111111001,1.18. 060, 10. 008, 16

8111111114. 2. act, 6. 210, 6 aliisque
locis

Similia 081, 16 ,

Similis 116, 0. 028,1

Similiter 210, 6

811110116111286, 12

811111111011111066, 0

Simplex 268, 8. 209, 21. 408, 20

Simpliccm 040, 1. 0001021. 400, 2

Simplici 401,1

Simplicis 400, 0

Simplicitas 040, 8. 060, 18. 402, 6

Simplicitate 046,12. 048, 9. 406, 6
alliaque locia

Simplicitatem 040,16. 060,1. 10.090,0

81111111111111002, 2. 046, 10

Simpliciter 021, 2. 0. 048, 11 ’

Simul 210, 10. 211, 16. 000,1 aliitque
locia

8111111111(11111111 atque) 069, 4

8111111111261, 6

8111111108,4

Sin 101, 0. 216, 8

81111 062, 21 , · ,

8111061. 140, 1. 161, 0 116111111111

Singula 204, 1. 208, 2. 210,10 aliis·

1111ἓ11111111,1.411,1 v

Singularem 101,6

81131118111008, 12

Singulariter 048, 12

Singulis 110, 0. 202, 16. 0006

Singulorum 212, 14

81111111(1111111)01,2 ·

81111 180, 6. 060, 5

8111260, 2. 16. 260, 2 aliisque 11111

Siquando 01, 2. 202, 6 ¹

Siquidem 188, 4. 214, 11 aliisque locu

8111111606

Sis 120, t. 142, 6. 268, 2

8111111016,8

8111110688

811 01, 8. 06, 6. 109,1

8111011,0 ’

Silam 281, 16. 286,11. 0026

8111(111111) 001, 2

81112124

8111111 mid

810110 24113

81111164,6 ..

Situm 164, 2. 211, 2. 261,12 alnoque
lucia

8170 283, 22· 28⁴5 1· ³⁴⁹9 1

8161111220,14

Socer 110,2. 114,0

0
8111111111 161, 2
81111 220, 6
Sociari 206, 4
Societ 060, 1
Socrates 81, 4
Socratico 108, 0

⁴ · 81111111 89,1

8160110620

Sodalibus 220, 14

8111111111 221,6

511111. ato, 4. 400, 10

8018116018· ²⁸25 ⁷0 28696 ‘liiflque 10·
111

8111111216, 1. 202, l. 000, 11

Solamen 116, 0. 224, 4

Solatur 60,4

8166111608

Solebat 106,2

Solem 180, 12. 010, 2. 408, 6

811111206, 4. 240, 6. 260, 4 11111111
1111

8111111066, 10

81111111 040,6

81111 66, 4. 046, 14. 061, 10

8111111111 000, 0

811111111114, 4

Solicimdinum 261, 0

solicitus 106, 2

8166111280, 10

8111611111111408, 16

8111611111 011, 8

81111022, 20

Solio 120, 2. 126, 10

8011101611.) 10, 2. 000, 1

Solitctia 004. 20

Solitas 122,2

81111100, 6. 206, 4

Solitos 201, 1

solitudine· 86, 2

Solitum 00, 1. 204, 12

8111111100

Solo 111111.) 400, 4

8111 161111.)202, 20

. 81111 126, 4. 02216

Solventium 000, 10

Solvere 106, 0. 220, 8. 000,8

81111111 000, 16

8111111044, 6

Solum (adjeci.) 104, 10. 204, 1. 269,
01 aliisque locis

Solum 180, 14. 261, 2. 010, 8. 02016

8111110101. 084,10. 090, 14

8111111 186, 1

8111111146, 14

§eluctantem 411,1

Solutum 126,1

somniatum ·

8111111111 200, 1

8111111 002, 06

 

