110 1011111011.

100000011010
801107, 1101, 4. 117 4
101010000001181
80100171,1

10000107, 4

1001140, 10

10010 101, 1. 400, 1
10001114

10010000 00,7

8001000 101, 11
100100010 110, 1. 111, 14
1001000000 184, 4
8001000100010110, 1. 110, 0. 111, 18
&demtos 010, 11

8001001110, 8

8001001100 111, 7. 114,11.101,11
80010010111,1.114,4.111,10.111,1
80010000 100, 0. 117, 4. 141, 11
10010001101

100100 111, 7 , ,
800000100,1

emh· 01. 1

Sapua 0000

saprum 00, 0. 000,ι

&imum

8010040811

1011101014

1010000101, 10

1010010101, 4

101001011114

1010011 101, 7

Sciatis 000, 0 10 00 00,... locis
1010011008,1.101,10

0.,..00

1010000101, 17
Qpfflm.r

100100υο0 01, 1

Scribere 104,1

1001000 (00101001.) 111, 10
Scriptorum (00001001)111, 10
8000001401

selemr‚r.11⁰‚1.112.1diirqu·
0011

1000101118, 1

Sacranos, 4. 00, 1. 101, 8

Secreto 117,0

secretum 1111

10000011111, 0

10011711

1001ιο00 110, 11

secuntur ⁸2⁰5 11)

sationem 101, 11

80000 40111

Secunda 111, 10

1000000118,1

Secundum (000000. cum regimine) 118.
1.1.111,1.1.407,1

Sauram, 10

Securior, 7. 101, 8

100000101118.110,8

8000000101,10.171,1. 110,4. 101, 10
1000100 00, 8

10001μο 78,1. 714010000010010
10001101.100,1.1014
1001001111, 0

&remos 1 181. 1. 000 00,...
10011

1000001181Ιο

&dentem 144, 1

1001000111, 11. 181,7.1.11
Sedet 111, 1. 181,1.11
Sedis 180,1

Segestem 08, 7
1030001114

10ῃο 1741 1111

00000100000000000. ζ,

10010
10100000404, 1. 407, 0
1010000 110, 11
suffitum rm 0000 00,..
1010000181,14
&indat 0410
8010111101οΜ
scintillulam
10101117. 141,1.0 diisque 10010
1010000,1.110,4.141,10
Seium. 0. 141,1.110,1
seim 000 “
Scir 111, 1. 4. 117,1
801100 404,1
10110000 114, 10

110101. et Vnt. 0100.

1000011048. 181,11

1000001011

1000001711

10000000104, 10
1000100114,1.110,1.104,11.111,1
100100101,8.110,1

100100010011

1001114170, 1

1001110111, 14

&ww 101..1 000 0 00,..
001

Senatorii 147, l

1000101 111,1

1000100107,1. 101, 1. 114. 1
8000100110,11. 111,7. 8. 111,1

marom. 1

 

