xlffii

0111101111 101, 0
11 1111111111 000, 0
1111111ωο1ωο00, 0
1111111111 011, 11
11111111111000, 0
Numeremus 000, 11
Numerantur 080, 10
1111111111 10,.0. 010,0
1111111111 00, 0
Numerum 100, 0. 100, 1
Numerus 010, 0
Numinis 100, 0

«1011000

Μωοωμθ “
00111111 100,0
0011111111 000, 01
01111111 101,0
00111111 0000
Obscurum 000, 0
obscurus 000, 00
Obsecro 000, 10
obsequentes 08, 7
Obsistere 000, 10
obsitum 000, 10
0011111111 100, 00

1111111 00, 0. 00, 0. 00, 0 alique 11- 001111100, 0. 078 7

Obstupui 10, 0

1111(11111101,0ι 100,0.100,0 11111- 0011111110111000,0

11111111

1111011000, 10

Nuper 0100

11111111 1180
1111111110οΛ
1111111170, 1

1111111111 18 0
Ν111111111100,0
Nutrix 110,0 -
Natum 170,0.000,1 ¹

,0,

080, 0. 108, 0. 110,0 ulfi
11111,ι.1ι1,1..1111111 ·
011111111011
0001110100, 0

0011111800, 8

01111111 000 0

00111111 000, 11 ,
0011111101, 0 .

0011111 1100 0

00111111100, 0 .
0011110010

0111111108, 0

001111111111 000, 0
001111111111110.0.Ι
0011111(1111111.11111.),100,0
Oblita 1111111110.111111111)0101
oblita 111.) 888 7
oblitu (1111111) affl. 0
001111118ομ0 um. 100μο ⁸0⁹,ss
0111111011,10
00101111101,0 ,
0011111111 000,“1 - .
oblivisceretur 0117, 10
0011101111 mnu· “ .
0011011008, 0
0011111030, 10

0111111111 010 10

0011111010,18110 ·
Obruta 080 0

0111111111, 17

loeis.

obtemperarem, 1
0001111111δο 1
0001111100, 1
0011111111 017 0
001111111οῙ1μῦ 010,Ιο
00111111 010 8
00110101, 0
0111111070, 10
0111111100, 0
0111101080, 10
0111011111 000, 10
0111011001,11
011111110οῌ
0111101001, 10
0111111111108, 10 ἢ
0111 1111111010

1111111111

’ 0111101000, 0

0111110011, 10

01ι11(111111,)010,. 0

01111100,1.110,0.000,01.100,0

01111100,1

Oculorum 000, 0

01111100, 0. 81, 0800 0111111111
111

0111111111 10

0111100010

0011111000,17

0111111111 1

0111111000100, 1 „

0011000000οἣ 0. 000, 10 ’1

. 0111111 me

01111111 188,1
Omma

0111111007, 0

offensio 100, 0

&uim 1le ³ ·

· 0111111018, 10

0111111111

’ ⁴Qffiuinufflhl ·

ο11.11,1.111,1.111,111
1111111111 11 1111 111111.

1111111.111,1.111,-111..,1.1.1

 

