ἢ 10 00010100. lxi

Quot 166, l aliisque 10010

Quotidiano 168, 2 Rationis 68, 7. 139, 4. 192,8 altoque
Quotidie 116,6 10010

0333? 72,1. 96, 3. 199.4 11110666 ΒέῐὶἶηίιὲὶέἰξθῇΙ. 33613. 316111111-
Quavis 168, 4 Ravenna 166, 1

Ro 116, 2. 268, 13. 282, 6 altisque 10·
¹³· offam
Rabidos 266, 16 110001 158, 2
110610 623, 4 1100100 114, 3

8011001060 11601100. loo, 0. nm ottoque
1106100 63, 1 10010

1106101171, l Recepi 84, 2
1106100 338, 9 Recepta 226, 6. 229, 2
1106101600 292, 2 Recepta 684, 16
Rodiis 83, 2. 164, 4. 396,6 Recepto 383. 18
Badio 98, 6 1100006000 366, 4
1106101010 678,2 ⁸ 110000000266,2
1106100 269, 6. 258, 1. ma 11001101εο60ῐο 164, 6
1101010 2361 Recipit 112, 2 '
Rapacitaa 164, 1 acclamantem 88, 3
Raperis 166, 4 Recognoscentio 162, 9
110ρί001341, 14 . 1100οῃ00061 86, 3
11001610 162, 1 110001001010 173. 3
Rapido 126, 3 1100611ςί1397, 3
Rapidos 127, 7. 366, 7 1100000111ιο610 143, 1
Rapidus 263, 19 110000611269, 69
110ρί0100 226, 1 110οο061110 399, 2
11001000 368, 1 - 1100οο61101292, 4
1100100100 91, 6 1100000000 269, 7
1100101219, 9 110001606110186, 2
110ρί010 161, 4 11000160ιί0 317, 14
1100610191, 2 Recordatur 297, 2
Raptum 88, 2 1100016060 298, 4
Rapuit 364,3 . 110001601317, 16
Rata 169, 9. 172,1. 341, 9 1100111296, 3. 668, 3
11010 88, 8 1100110 411, 7
111100 629, 1 1100100 411, 9
Ratio 100, 10. ooo, 0. asto alioqu· Recte 100, 0. ooo, 10 aliisque toci·

locis Rectissime 282, 16
110600100061461, 13 11001100 467, 16
110110010011 27116. 681, 15 Recto 147, 4. 152, 2. 237,4 aliique
Ratiocinatio 666, 7 10010
110110010011000283,11 1100101 126, 6. 127 , 7. 316, 6
Ratiocinatiooi 466, 8 11001010 143, 7. 293,18
1101100100ῐίοηί0 696, 6 1100101εο 99, 3
110110οα6111 189, 6 11εο1011366, 2
Rationale 142, 3. 694. 9 1100100 368, 9
1101100011 664, 12 Rectum 634, 12. 36112
11011000Ιί0 376, 1 Rectus 92, 3. 362, 11
Ratione 162, 4. 139, 11. 182, 3 aliis- 110006000666,4

que 10010 Recurrat 314, 6
Rationem 98, 6. 143, 1. 211,8 atita· 110οο1000 73, 4. 2681

quo 10010 1100001101 186, 8
1101101100 alo, 6. 666, 18. 363,1 01110· 1106010011398, 3

que 10010 110603000101266, 7
11011001 144, 6. 461, 23 Reddere 76,7
11011οο11)υο 289, 2. 298, 13. 361,9 1106611264,3. 39616

 

