m 1101011110οῘ.

Chordis 000, 4
01111111 70, 2
circo 01, 5. 152, 0. 019, 15 aliisquo lo·

111

circo 1118, 1
Circuit 270, 0
01011010οΙ14
01110111 0509
circumdedi 150,0
circumflantibus 90, 4
circumfluus 178, 2
circumitum 108, 2
circumsepti 212, 7
0111201, t. 292, 21. 000, 8
01111002, 10
0111011199, 0. 23118. 311, ll,
Civitatis 100, 2. loo, 5
citium 129, 7
01111110 00, 1. 004, 0
0111011 101, 0
01111 120, 0
0111111111 010, 0
011111 100, 0. 217. 8
0110111011 ult, 14
0111111101οι 200, 10. 209, 0
01111111 201, 2. 201, 12. 28014
claritudine 209, 7. 285, 10
Ummidium 2⁸1, 11· ,2⁵62 jn· ¹⁰· 26⁹9
claritudinis 200, 10
0111111111 200, 11. 207,1
0111101041, 7. tot, 10
01111 117, 2
011111 108, 4. 020, 1
clauorum 281, 11
0111010100,-11. 077, 10
cinti 062, 4
01111111 (101111.) ,19114
0111111111 02, 0
Clauditur 200, 2
0110111 209,1
0110100824
01111 209, 20
011101 200, 14
0111011111 005, 20
clypeum 900
0111111101 010, t
0111011000 188, 0
011111092, 7
0110111000 400, 21
coarctabitur 011, lt
0031!ss 8⁷², ⁸
coogem 1111
(110311 oon, 5

, ‘but 040, 4
coelestio 90, 0. 211, 0
01111 211, t. 200,10. 272. l. 292, 0.

8501

0111111110 1700

colito· 101, 0

0011 72, 0. 82, 1. 100,2 aliisque io·
111

01111110 00, o. 8. 84, 1 aliisque 111.
111

cognitio ¹⁰25 2· ⁵

0111111108. 824, 9. 007, 11

coeperint 289, 18

1101111111. tons

110111

0110112202

0011111111 222. o. 007,10. 004,10 111111

01111111118009, 11

0111111 290,1

0111111011 107, 8

0111011102

0101111290, 7

cognotorum

01311 oto, 2. 295, l. 058, 10

00801111οω Μ, ²¹0 mum

0113111204

cogit ⁸8¹¹, 11 ⁴⁰⁰! ⁴

cogitare 111111

cogitatione 212, 0. 209, 1

01311111οηί10 110, 4

Cogitationis 280, 0

01310111 (verbum) 212, 0. 210, 19

0131111 202, 2

cogitetur 214,8

013111177, 4. 000, 1

0130011111

0130111 097,2

cognitio 408, 10

013010101220,12. 040, 10. 401, 11,

cognitionem 101, o

01311111111101400, 1

013010οο11110, 10

0130101212, 0

0130111 141,4

cognitor 0000

cognitu 000, 9

0130111101267,4

. cognosco 111, 11. 111111

cognoscit 000, 2
013011110111111 012
01311111οᾶ1 004 , 10
cognoscente 102, 0
cognomenti· 292. 20
01301111011001 090,2
0130111111 208, 7
cognosceret 000. 20
013011111 100, 7. 011, 0

 

