0111111110 me

IN 8087111011.

01111111 114, 8. 164, 9

cacumen 185,1. 117,1.·- 111, 9. 461, 0111111111

1. 111, s
cacumine 85, 7. 467 , 11
011111 185,5
01111111 111,1
01111111, 11. 117, 5
Caduca 188,1. 187, 1
Caducis 171, 1. 171,1
cm 187, 5
01111111, 1
cmi 163, 1. 266, 8
011111 18115
cecinna 1111. 111,11
cmo 111, 11. 1111
emmam. 111,11
0111111 167, 1
0111111111 149, 6
Cnlamitatibus 161, 5
calamitatis 111, 1
011111110101151, 11
011111111110
calcatus 111, 9
calculum 168, 6
0111111 148, 11
01111111, S
Calido 187.6
caligant 877,1
caligante 111, 11
0111311161 81,1
caligarum
caligine 146. 4
caliginem 191, 11
0111111111 110, 5 ,
caligo 011. 111, 1
calle 161, 1. 229, 4. 818, 9
0111111147, 6. 196, 1
calles 164, 9
0111011406
0111111111181, 1
0111111158, l
0111111111 91,1
campaniam 191, 8
eampis 111, 7
0111111011
campus 116, 5
cancri 114,6
(1111111111, 7
Candidos 188,8
canem 194,8
emendi 114, 5
Cme³103‚2
cani capilli) 61,1
cmi 1111111) 117.9
cnnii109,9
01111111, 1 ,· ,
01111111, 1. 111,11
cantabas 185, 1 >
01111111 195, 1

1111. es 111. σι...

0111111161 19, 4

01111191,11

&piant 117,1

capreas 165,7

0111111116

0111111011. 1111

captent 116, 8

0111111011. 186, 11

Captiva 177,6

0111110111. 1111

0111111 1911, 7

0111111111. 65, 7. 118,1 111111110111
0111151, 11

carcer 141, 16

0111111115,8

0111111185, 1. 141, 7. ,151,1
Catdinem 181, 4. 849, 15. 866,6
(11111115, 16. 849,17
0111111111,8

0111111111. 115,1. 181, 15
0111111115,11

carebuntam ,
cmm 18914· 258, 31 ”ofin
carent 119, 9. 816, 8. 2⁹2,ss
0111111111 161, 1. 179, 1
01111111, 14. 468, 11

01111111, 11. 1111. 1111
cariora 175, 11

caritas 191, 1

0111111111 111, 11

1111111151, l. 105, 4
0111111166, 1. 167, 9. 110, 1
Carminis 114,1. 1411. 155, 9
cupere 147, 5

Cupitis 165, 4

0111111111 186, 1

carus 168, 6 ,
,0111111111 141,16. 141,,,1. 145,

, cmm

0111111196, 9

011111 111, 11

Catum 168, 8. ,161,1. 18 1111111111κο
casurum 76, 1

01111110. 1. 8. 171, l

cauum 14413

catena 174, 1

catena 164, 1

Catonum 95, 7

catenas 111,8

Catenis 77,1. 114,14. 116, 1. 180,
0110 118, 4

Catoni 151, 8 ·

0111111111

Caucasum 111, 1

lud. 1101111.

 

