ΙΝ 8081111001.

Alienum 807, 4 Annum 188, 8

8001011880, ln 8011011188, 0. W, 88

Altero 80014 bin 810, 0. 848, 8. 881, 2{mittere 181, 0. 24018 81818
10 1111111808

Alterum 1800. 28000 1111111111- Aminneum
cin 8111011140),Ιὸ

8111111111 2800 Amnes 804, 0

8118001011. md. 8108 80111114018. 187, 0. 8008
811111010810,12. 888,18 81111111 1802 '

8111180, 8. 8408 8110110010. 228, 2. 18 disqu
8111111007 loci·

81111 140, 11. 280, 1. 200, 0 Amore 108, 7. 800, 2. 887, 1
8111111111 107, 0 8111111011 228, 12

Altiu- (101110.) 00, 7. 1401. 408, 8 Amovebin 204, 4

11111111. 1111 ,1111111101

81111104, 2 8001110111202, 20. 808, 17

Altum 811, 12. 807,0 Amplexnris 1004

Altus 808, 8. 800, 0 Amplioribun 840, 20

Aluit 1111 Amplius nn. 1. 1111
Alumne 80, 2. 270, 27. 200, 20 Ampium 212,0

81118000 811704. 80, 8. m 11111001Ιωῦ
8111111οι11 807, 18 Anaxagorae 88, 0
8111111801, 10 81101111708
Amaritudinibus 1808 81311111 848, 4
81111228, 4 Augeret 280, 14
8101111201, 8 8131111818, 4
8111111311 801, 4 Angustus 188, 18
8110131111 800, 0 Angustia 178, 1
8111013111 201, 4 Angustia 212, 10
81101311 140, 8 8131101111111 818, 0
8111013ο 888, 0 Angusto 840, 2
Ambigua 6⁵, 4 81111111 828, 4
8111013111 8008 8111112007
8101311011270,20. 870, l 8111111 840, 8
8111013111 108, 1. 221,0 Animadverte 108, 1
Ambit 201, 11 Animadvertendum 248,11
Ambitione 108, 2 811118111011270, 24
Ambitionem 2108 Animadverte 878,0
811011184018 81111111 180, 4. 888, 0. 208, 88. 288,
Afflbitum ¹1⁴, σο 218161 21718 ὥ 27
qnelocin 81111111 142, 8. 1008. 8808 11111011
81101111 102, 0 loci·
Ambulandi 818, 8. 8200 8111111111 (adjeci.) 2008
Ambulare 818, 18. 408, 4. 88 Animalia 808, 8. 888, n. 88018. 408,
8111111111 818, 18 7
Amici 08, 0. 288, 8 Animalibus 200, 0. 202, 20
Amicorum 110, 2. 281, 4. 881, 18 8110102702
Amicos 221, 4 811111111οη1 104, 8. 212, 8. 4001
Amicum 208,4 81111110111100,0 ¹
Amisene 827, 2 Animarum 880, 17
811111111188,0 8101112701 ,
8111112008 8110101800
1111111111 Animi (singul.) nn, 1. 111, 1. 1111
Anima 100, 1 1111111111 11111
8081118208 Animi (plur.) 2800
81111110 804, 4 Animis 820, 10. 800, 11
801111111οΙ,8 , 1111111001. m 1000 11111308
Amisso 887,14 loci· ι
8011101802, 8. 800, 8 . Animorum 101, 4. 224, 4 1101111110

 

