,ΙΝ 0017111011.

71Ιο 111, 0. 181, 7

Tele, ut 405, 10

Tali 10115

7111171, 1. 1111. 407, 11

7106111111

7111118, 3 bis. 151,1. 145, 8

7101111011

711170, 5. 111, 0. 131, 0 aliisqusloois

Tamdiu 1114

Tem, 1101140113. 4011 aliisque
lools

Tepen 011. 01,1. 1117 sliisque
ocrs

Tametsi 10, 6. 1816. 111, 11 aliisque
locis

Tandem 101, 8. 114, 11. 144,4 eliis·
qoelocis ι

Tandem aliqnando 100, 15

71111111517

7011101814 ,

71110151, 1. 341, 4

Tantalus 107, 1

7111111110. 161, 1. 1711. 101, 1

71111 117, 1. 117, 5. 151, 7. 110, 14

70110 (com, quanto) 14110. 150, 4

Tantos 1018

7111111111. 14,1. 118, 1 aliisque

TsTr‘Tcnlrsnmodo 110, 11. 111, 14. 111,5 ..

7011111418

7111111107, 11
71110111014
71111110115

70 71, 1. 4. 16, 1 ollisque locis
70011 (substent.) 010. 11
7001111011

Tecti (sdjeet.) 1011

Tecto (11611111.) 110, 6
Tectum (adject.) 114,8

Tecum 16,1. 10, 4. 157,1. 165,1
'regis 1110

, 7031111115

7011111111, 6

7011101015

Telss 1415

Tellure 100. 10

Teum 2⁶⁴, 4· 288141 κο,6

, Temerariis 1110

70110111ο1618

Tememrinm 1411 -

Temere 11,1. 15110

70101010811. 1115 ·

Temeritati 144, 1. 154,11. 161, 11

Temperementum 151, 16

70110111105,4 ..

70110111114. 0111. 1415 olus·
qoelocis

Temperet 70,1

Temperiem 151, 11

70110101157,11 ’

Tempestas 1711

7011101110οΑ

Temperans, 0. 1118

Temporalem 14110

701101101148, 11

Temporalem, 4

Τοι1111111101141,1 ’ ·

701111111111181,11. 404, 10. 4014

Temporerio 407, 18

Tempore 101, Ι. 111, 0. 405, 1 aliis·
que locis

Temporibus 111, 15. 11111. 148, 4
01111110 locis

Temporis 170, 4. 111, 11. 114, 7 eliis·
quelocis

Το111ο1111147,7 -

7011111711. 144, 0. 151, 0 offisque
locis

Tenaces 176,1

7011011017

Teneoissime 111, 10

7010111115οὠ

Το1011141,1

70101114011

Tendit 713³ '

7010010814

7010011171, 1. 118, 1. 1811

Tenebris 110, 1. 1411. 117, 1

Tenebrose 1711

7010οΜ11011

7010111111

7010011116

7010ῐο 111

7010115114

701οω 1015

70101115, 1. 108,- 8. 118, 14

7011061 146, 1. 1111

7011101115 “

7011011817

Tenui 118, 0. 160, 0. 11110

Tenuis 1111

7011111ῐωὶ1 66, 1

7010101518

70101011716

71311616

7131111811

Tergeminus 100, 6

7013111111

7011111155, 4. 401, 0

7111111111, 11. 111, 10. 107, 15

Terminus 1711

7οβ 160, 4. 111, 0. 101, 8 sliisqne
oms

Terram 70, 0. 77, 4 aliisque locis

Terrarum 110, 6. 1111. 1511 eliis·
quelocis

Terras 1111. 0. 111, 0 1101110101

7010111110

 

