xxxviii 11111111 ,

11101111 014, 1 sunto· 108, 0
1111110100 ⁶ 1111111111 000, 1014
,1111111111 041, 18. 0001 diisque 11111 11111111, 0
1111101111 081, 0. 08014 1111110008
Jucuudiuu 004, 0. 08010 Ixionium 000, 11
Jucunuitatem 000, 0
1111110111οο 001, 10. 000, 0. 08010
Jueundum 1801 1..
J 1111111111 004, 0
111111111045,4 1101111180, 10
111111101004,10 11010401
· 1101111111000,1 1111010004. 0000. 0001

1111111111ῑί1 000, 1 1111011111 000, 11
11011111 040, 4. 000, 00 1111111000, 8. 00000. 001, 1. 0804
1101111111 010, 11 1111014111(111111111)010,0
1111111111 118, 0. 000, 04 aliisque 111111 Lubomerim 100, 8
,1110101111 100, 8. 4001 libore 80, 0
1111111111 084, 10. 080, 8. 080, 11 labores 080, 8
1111111νί111 401, 00 1111111111
1111111101 1111111111. uum
1101111111 000, 0. 0000 11111111ωο801 ,
Judices (nomen) 110, 0 labuntur 0000
Judices (verbum) 0001 bbydnthum⁸⁰1‚9
J 11111011 100, 10 110οο1000, 0
Judicetur 011, 0. 010, 0. 000, 0 Imm 001
,11101110 0008. 0000. 4000 lacereris 1101
110111111008,04 Lunensem 000, 18
11111111,1.111,11.111,11 homimum ⁴
1111111411, 11 lacrymabilem 000
1111111101. 000, 10. 010, 0 11111· hcrymmtem 108, 0

que 11111 Lacrymu 181, 0. 110, 11 ·
111111008010 1111111111. 000. 1108 aliisquo
1111111110οΒ, 10 locis
11311116, 0 lacte 18, 0
Jugo 184, 1. 011, 0. 0004 111111ωο000
saguntum luderentur 000
Jugulum 0000 111111000-
1131110004 ¹ 11111100 4. 000, 10 ,
11111101 000, 10 laetaretur 000, ll
J ungunt 0500 1311111 100, 1
J unguntur 000, 0 11111111 110, 1
Junxerit 0804 Laeteris 101, 8. 010, 01
,1111111111 1111111111111 08014
111111 000, 14. 004, 4. 000, 10 1111111110, 1. 0004 ,
111111 110,1. 101, 0. 101, 10 aliisque 1100116010

111111 1101111111, 00. 008, 4
111111 00, 0. 100 010 Mor 091120
11111000. 108, 1. 1001 1111101111 locis Laetumm 1000
,Inuitum 11011000
1111111101, 11. 040, 0 laetum 01000
J 111111 000, 11. 000, 4 Lam 004,4
11111111 084, 10 langueret 000, 0
1111111111 000 10 111311ωο800
J nuti 080, 18 languore 000, 0
11111101 00014 = Lapides 000, 18
110111111000,0.401,04 lapillis 041, 11
1111111. 111, 1. 111, ι. 111111111- aniuos uum

que 11111 lapsa 0000
11110 000, 0. 000, 14 1141111010, 0

 

